Year Jan Feb Mar Apr May Jun Jul Aug Sep Oct Nov Dec Ave
1970 44.0 53.1 55.2 68.7 71.9 79.9 83.8 85.8 79.2 66.7 57.4 58.7 67.0 1970 
1971 54.6 54.9 62.1 68.2 76.2 83.7 85.9 81.2 79.3 72.2 60.5 56.4 69.6 1971
1972 51.0 55.7 66.1 73.5 73.5 81.7 82.3 83.1 82.4 70.9 52.8 48.3 68.4 1972
1973 45.9 50.3 63.7 63.1 73.7 78.4 82.8 82.5 79.7 71.1 65.1 52.4 67.4 1973
1974 49.0 56.3 66.5 68.9 77.7 80.1 84.4 81.3 72.3 69.5 56.9 50.7 67.8 1974
1975 53.4 52.2 59.7 67.8 73.7 79.9 82.0 82.6 75.8 70.0 60.4 52.4 67.5 1975
1976 49.5 61.3 62.0 68.0 70.7 79.8 80.2 83.4 78.1 61.3 51.6 48.5 66.2 1976
1977 41.6 54.1 61.3 67.0 75.3 82.2 85.1 86.8 83.8 71.6 61.7 53.6 68.7 1977
1978 40.7 45.0 58.5 69.8 77.3 82.3 86.4 84.8 79.0 69.8 60.6 49.7 67.0 1978
1979 40.4 48.5 61.1 67.0 71.5 79.8 83.1 82.5 77.6 73.5 56.5 53.0 66.2 1979 (1970s) 67.6
1980 51.2 52.8 61.4 66.7 75.1 84.6 87.9 86.0 81.7 68.4 57.5 53.7 68.9 1980
1981 50.6 53.4 59.3 72.4 74.6 81.4 84.9 85.5 79.7 72.2 63.7 53.7 69.3 1981
1982 51.9 51.0 64.7 67.3 75.6 81.6 86.5 87.4 81.8 70.7 58.5 52.3 69.1 1982
1983 47.4 51.3 57.8 64.6 72.7 78.4 82.7 84.4 78.3 72.0 62.4 41.9 66.2 1983
1984 46.3 55.5 63.4 71.1 78.0 82.6 85.1 86.0 76.3 70.5 58.7 58.4 69.3 1984
1985 44.1 49.7 64.3 70.0 76.3 80.7 82.9 87.0 79.3 71.7 63.0 49.1 68.2 1985
1986 54.0 57.6 63.7 71.8 73.8 81.4 85.9 84.7 82.0 68.8 59.0 50.8 69.5 1986
1987 50.9 55.5 57.9 67.4 76.1 80.2 83.4 85.4 78.8 69.9 60.0 53.3 68.2 1987
1988 47.3 53.3 60.4 68.5 74.7 80.2 84.6 86.7 81.6 72.5 64.9 55.5 69.2 1988
1989 55.3 48.6 60.8 69.2 78.3 81.3 85.7 84.7 79.3 72.0 62.7 44.3 68.5 1989 (1980s) 68.6
1990 57.9 59.3 61.7 69.8 78.5 85.9 83.4 86.1 81.2 70.0 63.6 51.3 70.7 1990
1991 47.3 56.6 63.5 71.4 76.7 81.5 83.9 85.1 77.2 72.7 56.8 54.5 68.9 1991
1992 50.6 58.9 62.7 68.0 73.2 81.6 83.9 82.0 80.8 72.7 56.9 54.8 68.8 1992
1993 49.9 54.5 60.9 66.3 73.7 81.4 85.3 87.4 81.8 70.5 55.7 55.0 68.5 1993
1994 52.2 55.3 62.8 69.3 74.7 84.2 87.2 83.7 77.5 71.4 64.0 55.7 69.8 1994
1995 53.6 56.2 60.6 67.6 76.2 79.3 84.5 84.4 78.7 70.8 59.0 55.0 68.8 1995
1996 50.5 57.7 57.2 68.6 80.6 82.5 86.7 83.9 77.6 69.9 60.5 54.8 69.2 1996
1997 48.9 53.1 62.9 63.0 72.5 79.1 83.8 83.1 81.5 70.4 56.5 50.5 67.1 1997
1998 56.5 55.5 59.5 67.4 79.9 86.4 88.0 85.8 82.9 71.6 62.8 52.9 70.8 1998
1999 55.6 62.3 62.4 71.8 76.5 81.7 83.2 88.3 81.4 71.0 64.5 55.7 71.2 1999 (1990s) 69.4
2000 55.4 62.1 66.3 70.3 79.1 81.7 86.7 87.2 81.5 71.4 55.9 45.4 70.3 2000
2001 48.4 56.2 54.9 70.8 76.4 82.7 87.2 86.2 77.2 68.1 62.8 53.8 68.7 2001
2002 53.5 51.0 59.2 73.4 78.0 82.7 82.4 85.3 79.8 69.5 57.3 53.2 68.8 2002
2003 49.6 51.2 60.0 70.8 80.1 82.1 84.7 86.0 78.5 72.4 63.7 55.2 69.5 2003
2004 54.5 51.7 66.5 68.3 76.5 79.7 82.9 83.2 80.0 75.9 59.7 52.5 69.3 2004 
2005 54.4 55.8 60.7 67.6 74.5 83.5 85.1 85.6 84.4 70.8 64.8 52.1 69.9 2005
2006 58.6 54.6 65.7 74.9 77.2 82.7 86.1 88.5 80.2 71.7 63.9 54.8 71.7 2006
2007 47.5 54.5 65.5 65.7 75.5 80.9 81.0 85.0 81.3 74.0 62.9 54.7 69.0 2007
2008 50.4 59.4 63.3 69.7 79.7 87.4 86.6 86.2 80.6 71.0 62.7 53.5 70.9 2008
2009 53.5 60.9 63.8 68.8 78.4 86.6 89.5 89.1 78.2 68.8 61.2 47.5 70.5 2009 (2000s) 69.9
2010 48.8 47.3 59.0 68.7 78.6 84.1 84.5 88.7 80.7 71.3 62.2 54.2 69.0 2010
2011 49.7 55.1 66.6 76.1 78.0 87.1 89.7 91.6 84.4 71.7 61.9 51.9 72.1 2011
2012 55.1 57.4 66.1 73.8 77.8 85.2 85.2 87.1 80.0 70.2 64.2 57.4 71.7 2012 